[{"id": 0, "img_name": "DSC01130.JPG", "width": 1752, "height": 1168, "position": [4.64870025899283, 2.8712837171783385, 1.2954881019631284], "rotation": [[-0.924160888993674, 0.1816065138711899, -0.3360739879460706], [0.38092113756146956, 0.504285458487812, -0.7749808148055108], [0.028735661003328618, -0.8442246445569395, -0.5352186574750653]], "fy": 791.465407429639, "fx": 790.5282763689061}, {"id": 1, "img_name": "DSC01138.JPG", "width": 1752, "height": 1168, "position": [4.219193452488555, 2.4685416963872022, 1.4479066347284908], "rotation": [[-0.9491886491479566, 0.14831298863817638, -0.27756830822320094], [0.31399372702351575, 0.3869363447883859, -0.8669995412176902], [-0.02118602649294192, -0.9101008309429323, -0.41384493448443366]], "fy": 791.465407429639, "fx": 790.5282763689061}, {"id": 2, "img_name": "DSC01146.JPG", "width": 1752, "height": 1168, "position": [3.4488067270659606, 2.281094722740759, 1.4199324860613896], "rotation": [[-0.9944312111972693, 0.0495038781646689, -0.0930372626606764], [0.10509796791796366, 0.5312469067863463, -0.8406730286915682], [0.007809182815682622, -0.845769525388919, -0.5334912619595148]], "fy": 791.465407429639, "fx": 790.5282763689061}, {"id": 3, "img_name": "DSC01155.JPG", "width": 1752, "height": 1168, "position": [3.035787355063983, 2.801083992619199, 1.448201730912049], "rotation": [[-0.8831858896588463, 0.23568591230159447, -0.40550565353651963], [0.4665865271294833, 0.3534856824540768, -0.8107680833636856], [-0.04774617271324209, -0.9052624056275294, -0.4221614382540138]], "fy": 791.465407429639, "fx": 790.5282763689061}, {"id": 4, "img_name": "DSC01163.JPG", "width": 1752, "height": 1168, "position": [2.348033854406071, 2.739236249627456, 1.4192117436352942], "rotation": [[-0.9193497126717475, 0.16304635421013036, -0.35806702192349626], [0.39343343011826554, 0.38675990059491566, -0.8340425141185474], [0.002498374622168783, -0.9076522823585013, -0.4197154898900592]], "fy": 791.465407429639, "fx": 790.5282763689061}, {"id": 5, "img_name": "DSC01171.JPG", "width": 1752, "height": 1168, "position": [1.8493714255356242, 3.02213069251337, 1.382181189274363], "rotation": [[-0.9603918531610943, 0.1333055632745697, -0.2446980081280828], [0.2786522713224335, 0.4574500045767167, -0.8444479883329767], [-0.0006325098026996557, -0.8791866241662303, -0.47647715561036]], "fy": 791.465407429639, "fx": 790.5282763689061}, {"id": 6, "img_name": "DSC01182.JPG", "width": 1752, "height": 1168, "position": [1.579131168113092, 2.9190751587918666, 1.4479124477286232], "rotation": [[-0.9998339079569203, 0.01821891512597455, 0.00047710714196590957], [0.00421998302508592, 0.2568963422304802, -0.9664297496931], [-0.017729868664498497, -0.9662672200174404, -0.25693055730470643]], "fy": 791.465407429639, "fx": 790.5282763689061}, {"id": 7, "img_name": "DSC01190.JPG", "width": 1752, "height": 1168, "position": [1.5980081104299333, 2.9215888597443644, 1.5225070199710393], "rotation": [[-0.7471144622052609, -0.06599402243193554, 0.6614111953747042], [-0.6646230457527237, 0.05948688789400195, -0.7448070335483267], [0.009807518448359143, -0.9960452294810406, -0.08830466244737759]], "fy": 791.465407429639, "fx": 790.5282763689061}, {"id": 8, "img_name": "DSC01198.JPG", "width": 1752, "height": 1168, "position": [1.7609934430041878, 2.9170838158225427, 1.36130199150326], "rotation": [[-0.17768777562299135, -0.5769216829880398, 0.7972379983997256], [-0.9837590305734943, 0.0832238061041017, -0.15903448639413179], [0.02540126294600025, -0.8125485645767856, -0.5823397685586598]], "fy": 791.465407429639, "fx": 790.5282763689061}, {"id": 9, "img_name": "DSC01206.JPG", "width": 1752, "height": 1168, "position": [1.6928713122391126, 2.9954567174969244, 1.6617350184211686], "rotation": [[-0.22415195694593637, 0.224678161430813, 0.9483014415118101], [-0.9743172161080097, -0.03020636820142476, -0.2231446564800919], [-0.02149098864280982, -0.9739647319570404, 0.22567861731011457]], "fy": 791.465407429639, "fx": 790.5282763689061}, {"id": 10, "img_name": "DSC01214.JPG", "width": 1752, "height": 1168, "position": [1.968359147455404, 2.632433614915089, 1.4347762083872821], "rotation": [[-0.9160509485628394, -0.1409318146957918, 0.3754848642005066], [-0.3985949021375548, 0.4236000777119416, -0.8134402732545214], [-0.04441580379859199, -0.8948190866141537, -0.44421395588605367]], "fy": 791.465407429639, "fx": 790.5282763689061}, {"id": 11, "img_name": "DSC01222.JPG", "width": 1752, "height": 1168, "position": [1.8988178836444176, 2.8087068252156038, 1.6050044115189437], "rotation": [[-0.9110220389723569, 0.019430130270595983, -0.41189964135006774], [0.41150576930912364, -0.02133644994342965, -0.9111573726470725], [-0.026492382526929203, -0.9995835262455448, 0.011442365427118026]], "fy": 791.465407429639, "fx": 790.5282763689061}, {"id": 12, "img_name": "DSC01245.JPG", "width": 1752, "height": 1168, "position": [1.7572929457867188, 3.028388334544823, 1.5757598459483166], "rotation": [[-0.9696221470716502, -0.012505008762506988, 0.2442877742827379], [-0.24279105006806323, 0.17068892737516408, -0.9549438706428581], [-0.029755636693095517, -0.9852456114225357, -0.16853986845142352]], "fy": 791.465407429639, "fx": 790.5282763689061}, {"id": 13, "img_name": "DSC01253.JPG", "width": 1752, "height": 1168, "position": [1.5914230821494806, 3.2690024878068713, 1.3298653734325225], "rotation": [[-0.9970856960443376, 0.07597627149336253, -0.0069080325524621495], [0.04547521060039231, 0.5192027344321967, -0.8534404055228345], [-0.06125455056262329, -0.8512673650082544, -0.5211446567962432]], "fy": 791.465407429639, "fx": 790.5282763689061}, {"id": 14, "img_name": "DSC01261.JPG", "width": 1752, "height": 1168, "position": [1.584370560599483, 2.92979522214636, 1.6113835833796826], "rotation": [[-0.9401816022523484, 0.04172930677570926, 0.3381082958790357], [-0.34044736790391894, -0.1512563719465422, -0.9280178336825552], [0.012415493284622513, -0.9876133731889154, 0.15641509078382265]], "fy": 791.465407429639, "fx": 790.5282763689061}, {"id": 15, "img_name": "DSC01269.JPG", "width": 1752, "height": 1168, "position": [1.6995531629334173, 2.9762681040860515, 1.5101929940404941], "rotation": [[-0.7135818711633649, -0.15924355249101538, 0.6822333941819557], [-0.7005095359806823, 0.14919836214787768, -0.6978726522314226], [0.009343615313123454, -0.9759002714019664, -0.21801687349938836]], "fy": 791.465407429639, "fx": 790.5282763689061}, {"id": 16, "img_name": "DSC01277.JPG", "width": 1752, "height": 1168, "position": [1.7642267194781445, 3.185315691215911, 1.3039763438421303], "rotation": [[-0.3592246507938897, -0.6343749282004116, 0.6844896644455117], [-0.9274757979149868, 0.16120061018614515, -0.3373470135595876], [0.10366433593076076, -0.7560309608384677, -0.6462746256118187]], "fy": 791.465407429639, "fx": 790.5282763689061}, {"id": 17, "img_name": "DSC01285.JPG", "width": 1752, "height": 1168, "position": [1.7956008424720908, 3.2560282713597504, 1.343312088517568], "rotation": [[-0.2105112644368234, -0.4977228591250216, 0.841401784553387], [-0.9773684895923291, 0.0887731826153715, -0.1920160347480074], [0.020876855539570284, -0.8627811295761819, -0.5051463939790408]], "fy": 791.465407429639, "fx": 790.5282763689061}, {"id": 18, "img_name": "DSC01293.JPG", "width": 1752, "height": 1168, "position": [1.7057478708675993, 1.9394915261245158, 1.50283195695718], "rotation": [[0.9552280993341193, 0.09203115425813484, -0.2811930740406697], [0.29060830097531687, -0.11339572564950587, 0.9500990605240388], [0.05555262052113981, -0.9892783612564954, -0.1350638008605446]], "fy": 791.465407429639, "fx": 790.5282763689061}, {"id": 19, "img_name": "DSC01301.JPG", "width": 1752, "height": 1168, "position": [2.0115921497605203, 1.8514803348755215, 1.7027848325852575], "rotation": [[0.8781278029786034, 0.11224414666704688, 0.46507291167617737], [-0.47719449847877293, 0.27519496546449523, 0.8345975926184953], [-0.03430702927336324, -0.9548135852206867, 0.2952186396900691]], "fy": 791.465407429639, "fx": 790.5282763689061}, {"id": 20, "img_name": "DSC01309.JPG", "width": 1752, "height": 1168, "position": [2.150788559888199, 1.8234016504501445, 1.49338880298625], "rotation": [[0.6899059016567747, -0.10785982388659478, 0.7158184862451554], [-0.7232321900460776, -0.14513487982073664, 0.6751822464642967], [0.031065191779657945, -0.983515188012149, -0.17813710677205905]], "fy": 791.465407429639, "fx": 790.5282763689061}, {"id": 21, "img_name": "DSC01317.JPG", "width": 1752, "height": 1168, "position": [2.348760089267215, 1.469926144215026, 1.6131947410116874], "rotation": [[-0.07699220828663421, 0.11628718897172237, 0.9902269888991124], [-0.9969948815898704, -0.01751411676476541, -0.07546165779752495], [0.008567727046780809, -0.9930611992193661, 0.11728618272519037]], "fy": 791.465407429639, "fx": 790.5282763689061}, {"id": 22, "img_name": "DSC01325.JPG", "width": 1752, "height": 1168, "position": [2.734866601312225, 1.4415276459645665, 1.5821163562536826], "rotation": [[-0.07155797827382092, 0.15853387142418626, 0.9847570600694479], [-0.9974220041011553, -0.01668545295688011, -0.06979212988910606], [0.005366701053484954, -0.9872125441215194, 0.1593191490340045]], "fy": 791.465407429639, "fx": 790.5282763689061}, {"id": 23, "img_name": "DSC01333.JPG", "width": 1752, "height": 1168, "position": [4.198100175657531, 1.8307817250160705, 1.2883049739591639], "rotation": [[0.5959641972334515, 0.43561230105475535, -0.6745877250481728], [0.802866552067345, -0.3073030238676538, 0.5108523770065967], [0.015230731675830219, -0.8460536476439174, -0.5328801461126522]], "fy": 791.465407429639, "fx": 790.5282763689061}, {"id": 24, "img_name": "DSC01361.JPG", "width": 1752, "height": 1168, "position": [1.622336997312579, 1.9366869787965648, 1.4282630371939726], "rotation": [[-0.5912973701401676, 0.19776868424893734, -0.7818279654730738], [0.8060898597208039, 0.11582555801805135, -0.5803478079265068], [-0.024218962005343698, -0.9733817276075462, -0.2279066787944849]], "fy": 791.465407429639, "fx": 790.5282763689061}, {"id": 25, "img_name": "DSC01377.JPG", "width": 1752, "height": 1168, "position": [2.0964704882386314, 1.6958023492410654, 1.2843944164754686], "rotation": [[-0.8138638373584081, -0.34441942089165856, 0.46797533776140765], [-0.5797471481446335, 0.42730992927654027, -0.6937574998224116], [0.03897304784608752, -0.8359315084708397, -0.5474482758099206]], "fy": 791.465407429639, "fx": 790.5282763689061}, {"id": 26, "img_name": "DSC01385.JPG", "width": 1752, "height": 1168, "position": [2.3360278349973287, 2.1392001397455447, 1.3689321531820802], "rotation": [[0.8705501766816316, -0.14463738917038155, 0.47034287018467247], [-0.4903424352542806, -0.3352236686763962, 0.8044808190056738], [0.04131205718046084, -0.9309699874932131, -0.3627508736287274]], "fy": 791.465407429639, "fx": 790.5282763689061}, {"id": 27, "img_name": "DSC01404.JPG", "width": 1752, "height": 1168, "position": [1.8370174729833226, 3.225496878951644, 1.4407456423173823], "rotation": [[-0.9582444259177711, -0.07879658318758954, 0.27487946208380715], [-0.28490684153830825, 0.18104043705880102, -0.9413035917249143], [0.024407208815988374, -0.9803139592128227, -0.19593067531730018]], "fy": 791.465407429639, "fx": 790.5282763689061}, {"id": 28, "img_name": "DSC01131.JPG", "width": 1752, "height": 1168, "position": [4.660758303845272, 2.868928569453852, 1.3169364665434593], "rotation": [[-0.9270589072443592, 0.18158916124310212, -0.328004815540753], [0.3746288254267372, 0.4828925688442487, -0.7914973216091046], [0.014663753212599218, -0.8566447008381187, -0.5156983913759011]], "fy": 791.465407429639, "fx": 790.5282763689061}, {"id": 29, "img_name": "DSC01132.JPG", "width": 1752, "height": 1168, "position": [4.661284107184716, 2.849282806080048, 1.357923558299404], "rotation": [[-0.932278251234718, 0.1618596252895523, -0.3235100059903266], [0.3614542393688202, 0.45247463116856934, -0.8152407871243774], [0.014425502315103212, -0.8769653184989659, -0.48033710561746507]], "fy": 791.465407429639, "fx": 790.5282763689061}, {"id": 30, "img_name": "DSC01133.JPG", "width": 1752, "height": 1168, "position": [4.59807189288874, 2.812264014908814, 1.380123498691727], "rotation": [[-0.9455552651512201, 0.1657416545641775, -0.28009809797128626], [0.32485352407682105, 0.42804247719320826, -0.8433562862830699], [-0.019885382562921, -0.8884308311065248, -0.45857957858990495]], "fy": 791.465407429639, "fx": 790.5282763689061}, {"id": 31, "img_name": "DSC01134.JPG", "width": 1752, "height": 1168, "position": [4.460689049703916, 2.772375399702029, 1.4029456860204412], "rotation": [[-0.9686959505345307, 0.11510314292564575, -0.21995322663384548], [0.2479351568995702, 0.4039514738540778, -0.8805403822337188], [-0.012502535390348617, -0.9075100403079607, -0.4198442727358042]], "fy": 791.465407429639, "fx": 790.5282763689061}, {"id": 32, "img_name": "DSC01135.JPG", "width": 1752, "height": 1168, "position": [4.377826215297137, 2.7300482224140707, 1.4294594070438287], "rotation": [[-0.9562283635135564, 0.1330742904142875, -0.2606118762507227], [0.291747421272315, 0.36477687340365805, -0.8842065792623389], [-0.02259997772438036, -0.9215362531450328, -0.3876340737683838]], "fy": 791.465407429639, "fx": 790.5282763689061}, {"id": 33, "img_name": "DSC01136.JPG", "width": 1752, "height": 1168, "position": [4.343157360776417, 2.6269692709254007, 1.444960772260332], "rotation": [[-0.9530939465633886, 0.12451285955475616, -0.27587764829670847], [0.3024735801732058, 0.35860322724990124, -0.8831270909122646], [-0.011030064434446261, -0.9251487843646845, -0.3794444155171068]], "fy": 791.465407429639, "fx": 790.5282763689061}, {"id": 34, "img_name": "DSC01137.JPG", "width": 1752, "height": 1168, "position": [4.311395639599031, 2.5216319314681654, 1.4559978171682997], "rotation": [[-0.9496382841217643, 0.12701442077323058, -0.2864515076691182], [0.31328114175309846, 0.3659300714516891, -0.8763276265354394], [-0.006485025223174354, -0.9219341189710912, -0.3872924279208825]], "fy": 791.465407429639, "fx": 790.5282763689061}, {"id": 35, "img_name": "DSC01139.JPG", "width": 1752, "height": 1168, "position": [4.044496889429168, 2.4369082784774054, 1.4420536336671619], "rotation": [[-0.9800631530439018, 0.0935779758552437, -0.17526944537049846], [0.19863201825274332, 0.44086311193931416, -0.8753199631312119], [-0.004640837261589669, -0.8926829666606279, -0.45066127375612497]], "fy": 791.465407429639, "fx": 790.5282763689061}, {"id": 36, "img_name": "DSC01140.JPG", "width": 1752, "height": 1168, "position": [3.902166080567742, 2.4277476169889884, 1.4435616313522053], "rotation": [[-0.9934764785610356, 0.05310946528877593, -0.10091516854617742], [0.11403409484623131, 0.4561228596575974, -0.8825803997995741], [-0.0008436578475985989, -0.8883306375412907, -0.4592036222057921]], "fy": 791.465407429639, "fx": 790.5282763689061}, {"id": 37, "img_name": "DSC01141.JPG", "width": 1752, "height": 1168, "position": [3.82604823345883, 2.389112114249643, 1.459915620811387], "rotation": [[-0.9941985238228891, 0.05836968272785101, -0.09034531181327307], [0.10631091761671059, 0.40558174013798337, -0.9078554074642823], [-0.016348823317918076, -0.912193198946854, -0.4094341018664958]], "fy": 791.465407429639, "fx": 790.5282763689061}, {"id": 38, "img_name": "DSC01142.JPG", "width": 1752, "height": 1168, "position": [3.789854947043382, 2.2876248523486713, 1.4518788771474205], "rotation": [[-0.996845470238485, 0.018703177408751024, -0.07713170307876217], [0.07793539809437447, 0.4144213889021812, -0.9067419622716587], [0.015006071733965405, -0.9098929077507989, -0.41457172387406166]], "fy": 791.465407429639, "fx": 790.5282763689061}, {"id": 39, "img_name": "DSC01143.JPG", "width": 1752, "height": 1168, "position": [3.7335754839397417, 2.213089142417606, 1.4542062759737702], "rotation": [[-0.9996359409844185, 0.014830262044013241, -0.022539938329571827], [0.026652252841943527, 0.41270114326946394, -0.9104764817185155], [-0.0042003464909593155, -0.9107457546822731, -0.4129461555912251]], "fy": 791.465407429639, "fx": 790.5282763689061}, {"id": 40, "img_name": "DSC01144.JPG", "width": 1752, "height": 1168, "position": [3.604822755061415, 2.195668864257477, 1.4514977687506387], "rotation": [[-0.9987469681347095, -0.03221657331855837, 0.03829603171784509], [-0.04837184726192044, 0.425240072899768, -0.9037870572168363], [0.012831914673722066, -0.9045070330317005, -0.4262656087018935]], "fy": 791.465407429639, "fx": 790.5282763689061}, {"id": 41, "img_name": "DSC01145.JPG", "width": 1752, "height": 1168, "position": [3.4717250400222825, 2.2274485772068986, 1.4348897757648298], "rotation": [[-0.9993078379688578, -0.03482570372272158, 0.013077283136173755], [-0.02864028045398538, 0.4959190816028006, -0.8678963065008121], [0.023739825389490567, -0.8676701186870803, -0.4965732431656221]], "fy": 791.465407429639, "fx": 790.5282763689061}, {"id": 42, "img_name": "DSC01147.JPG", "width": 1752, "height": 1168, "position": [3.5453946987680327, 2.391104956328425, 1.4123936546977838], "rotation": [[-0.9641927113479755, 0.15310284508655658, -0.21654545529713032], [0.26503024512655254, 0.526839069455632, -0.8075887344826472], [-0.009559526745558763, -0.836062266653343, -0.5485512753853327]], "fy": 791.465407429639, "fx": 790.5282763689061}, {"id": 43, "img_name": "DSC01148.JPG", "width": 1752, "height": 1168, "position": [3.5848154861542567, 2.4845714810804154, 1.4144913625614917], "rotation": [[-0.9450279917686459, 0.1966744903016101, -0.2612302425798401], [0.3264461856066011, 0.5214301085454853, -0.788380320533906], [-0.018840983961056476, -0.8303190873193543, -0.5569696854915299]], "fy": 791.465407429639, "fx": 790.5282763689061}, {"id": 44, "img_name": "DSC01149.JPG", "width": 1752, "height": 1168, "position": [3.5461992845253127, 2.5859689352127035, 1.4112228788660153], "rotation": [[-0.9215577592408094, 0.23320695846498915, -0.3103962159991111], [0.38743850538059116, 0.5010254524225553, -0.7738636188458708], [-0.02495397626655143, -0.8334194685440713, -0.5520772486891716]], "fy": 791.465407429639, "fx": 790.5282763689061}, {"id": 45, "img_name": "DSC01150.JPG", "width": 1752, "height": 1168, "position": [3.4854295475347805, 2.71479319066348, 1.4178699982845944], "rotation": [[-0.8977226633552968, 0.2505818293261026, -0.36235723603904785], [0.4400126947820447, 0.4689469712202106, -0.7658182334040072], [-0.02197380551742186, -0.8469341680408079, -0.5312435099614002]], "fy": 791.465407429639, "fx": 790.5282763689061}, {"id": 46, "img_name": "DSC01151.JPG", "width": 1752, "height": 1168, "position": [3.4207947799584764, 2.8025858512518655, 1.4394353154772543], "rotation": [[-0.8777592468651896, 0.2616106904161124, -0.4013708400004406], [0.4750129607208903, 0.36598500810592144, -0.8002609955438803], [-0.06246112142627836, -0.8930928397998235, -0.44551519368979725]], "fy": 791.465407429639, "fx": 790.5282763689061}, {"id": 47, "img_name": "DSC01152.JPG", "width": 1752, "height": 1168, "position": [3.365346817140707, 2.8220900668982316, 1.4560505435181124], "rotation": [[-0.8711395710417428, 0.2619381930063002, -0.4153362864111453], [0.48109191463514744, 0.28593233751144387, -0.828729912599955], [-0.09831794056984024, -0.9217543498187765, -0.37510332063615315]], "fy": 791.465407429639, "fx": 790.5282763689061}, {"id": 48, "img_name": "DSC01153.JPG", "width": 1752, "height": 1168, "position": [3.2591827750419213, 2.7759904137451734, 1.449237851129721], "rotation": [[-0.8699758629355295, 0.23047972946503814, -0.43591408811290533], [0.4908446397475762, 0.32043476648464203, -0.8101809057605626], [-0.04704824694560928, -0.9188039261636055, -0.39190025226540737]], "fy": 791.465407429639, "fx": 790.5282763689061}, {"id": 49, "img_name": "DSC01156.JPG", "width": 1752, "height": 1168, "position": [2.9169228321293224, 2.8780764539144457, 1.4522327572933427], "rotation": [[-0.8929519840427218, 0.24678248919064202, -0.37647729974466926], [0.44507594361538266, 0.35877324535184896, -0.8204810557438722], [-0.06741037463954287, -0.9002111760295874, -0.43020423050265766]], "fy": 791.465407429639, "fx": 790.5282763689061}, {"id": 50, "img_name": "DSC01157.JPG", "width": 1752, "height": 1168, "position": [2.8437670031849684, 2.9113086480699786, 1.4551984067083292], "rotation": [[-0.879655793968057, 0.25593903582174726, -0.4008751602195666], [0.46992551886694, 0.33777402547918084, -0.8155235830000427], [-0.07331910294095284, -0.905761512570624, -0.41739716277151484]], "fy": 791.465407429639, "fx": 790.5282763689061}, {"id": 51, "img_name": "DSC01158.JPG", "width": 1752, "height": 1168, "position": [2.6128343285910964, 2.8734683526705167, 1.3919152291583377], "rotation": [[-0.8923550052566893, 0.21796317545660737, -0.39521462363911297], [0.4511908416879107, 0.4087414230713535, -0.7933204103277309], [-0.01137404810471057, -0.8862406576153438, -0.46308544332470086]], "fy": 791.465407429639, "fx": 790.5282763689061}, {"id": 52, "img_name": "DSC01159.JPG", "width": 1752, "height": 1168, "position": [2.592954554869009, 2.885006149898484, 1.3997220822043015], "rotation": [[-0.8944907239813386, 0.23025024343218506, -0.3832377461977899], [0.4455645364200186, 0.3884268860990953, -0.8065958083452796], [-0.03685903683163759, -0.8922496172903525, -0.4500355895360551]], "fy": 791.465407429639, "fx": 790.5282763689061}, {"id": 53, "img_name": "DSC01160.JPG", "width": 1752, "height": 1168, "position": [2.539127055721577, 2.918203000547002, 1.4036683525528826], "rotation": [[-0.889374156507878, 0.19986728232073123, -0.4111771871026233], [0.4571758057734675, 0.3849265755653439, -0.80176169404563], [-0.001972904275762198, -0.9010463921914691, -0.43371823430362705]], "fy": 791.465407429639, "fx": 790.5282763689061}, {"id": 54, "img_name": "DSC01161.JPG", "width": 1752, "height": 1168, "position": [2.487423775188129, 2.8961706947662416, 1.41019677245854], "rotation": [[-0.8844478708504694, 0.203992930673135, -0.4196889895904578], [0.4665852129292045, 0.37293882363937936, -0.8020067785862446], [-0.007085395111262812, -0.905153864300353, -0.4250250335195054]], "fy": 791.465407429639, "fx": 790.5282763689061}, {"id": 55, "img_name": "DSC01162.JPG", "width": 1752, "height": 1168, "position": [2.408413881748852, 2.798310371484257, 1.4131180331258528], "rotation": [[-0.903587301373877, 0.1807457808510147, -0.3884082279000167], [0.42838550437765854, 0.38963661022559004, -0.8152724523808043], [0.0039810092908008484, -0.9030582897446147, -0.4294995656442019]], "fy": 791.465407429639, "fx": 790.5282763689061}, {"id": 56, "img_name": "DSC01164.JPG", "width": 1752, "height": 1168, "position": [2.2291347129903514, 2.747481636278618, 1.4239293107441957], "rotation": [[-0.9489954232980699, 0.1077277631334088, -0.2963147239162985], [0.31471985313023626, 0.38015121141721836, -0.8697335629396538], [0.018949950000000923, -0.9186292971097179, -0.3946658255875534]], "fy": 791.465407429639, "fx": 790.5282763689061}, {"id": 57, "img_name": "DSC01165.JPG", "width": 1752, "height": 1168, "position": [2.1214666518513923, 2.772139967609772, 1.43150364891527], "rotation": [[-0.9757785911546122, 0.06731328961903713, -0.20814673210258006], [0.21768434086255206, 0.3930332559000452, -0.8933859118543599], [0.02167184319701135, -0.9170571306070702, -0.3981664858010662]], "fy": 791.465407429639, "fx": 790.5282763689061}, {"id": 58, "img_name": "DSC01166.JPG", "width": 1752, "height": 1168, "position": [2.1059357259533686, 2.784451068065105, 1.426703788081062], "rotation": [[-0.9539249981469169, 0.1096549125313458, -0.27928998920145326], [0.29947116366190185, 0.4055047120436488, -0.8636451531997295], [0.01855047291557209, -0.9074919992309246, -0.4196595659418099]], "fy": 791.465407429639, "fx": 790.5282763689061}, {"id": 59, "img_name": "DSC01167.JPG", "width": 1752, "height": 1168, "position": [2.1064425043609596, 2.7997659812262685, 1.4113342099363355], "rotation": [[-0.9191374735192358, 0.17084084585039966, -0.35496437872242326], [0.39378221098097, 0.4237025656667719, -0.8157277157007317], [0.011039705051075023, -0.88954456956159, -0.4567149917354042]], "fy": 791.465407429639, "fx": 790.5282763689061}, {"id": 60, "img_name": "DSC01168.JPG", "width": 1752, "height": 1168, "position": [2.063956910768469, 2.836109276650993, 1.4100815245399136], "rotation": [[-0.9160697314168356, 0.16925951491964172, -0.3635484338998815], [0.4006170505732519, 0.42684129552161076, -0.8107481034374501], [0.017950653800835933, -0.8883454986921483, -0.4588246385946628]], "fy": 791.465407429639, "fx": 790.5282763689061}, {"id": 61, "img_name": "DSC01169.JPG", "width": 1752, "height": 1168, "position": [1.9791662296097752, 2.90073312893195, 1.4130169161754933], "rotation": [[-0.9375675449244554, 0.11843476617480317, -0.32701728527013973], [0.3443220415266933, 0.448763987403052, -0.8246533910249835], [0.04908594934624701, -0.8857675145156509, -0.4615262503970344]], "fy": 791.465407429639, "fx": 790.5282763689061}, {"id": 62, "img_name": "DSC01170.JPG", "width": 1752, "height": 1168, "position": [1.901976442007676, 2.96954699399315, 1.3996511772742757], "rotation": [[-0.9553762667380755, 0.12355763396771564, -0.2683089637748223], [0.2943220949172674, 0.47539519700966265, -0.8290801596369651], [0.02511360979887077, -0.8710527640438576, -0.4905470302167028]], "fy": 791.465407429639, "fx": 790.5282763689061}, {"id": 63, "img_name": "DSC01172.JPG", "width": 1752, "height": 1168, "position": [1.8141575257966749, 3.052310979468771, 1.3663928369357499], "rotation": [[-0.9252134258464, 0.21394851798464204, -0.3133786021504085], [0.37650005945429965, 0.41489089528569506, -0.8283195338997769], [-0.04719980788602403, -0.8843594159962397, -0.46441425632113514]], "fy": 791.465407429639, "fx": 790.5282763689061}, {"id": 64, "img_name": "DSC01173.JPG", "width": 1752, "height": 1168, "position": [1.811655799035386, 3.0661997243403794, 1.3460986385826414], "rotation": [[-0.8810673616755096, 0.241454085830637, -0.4067188569833595], [0.4704948654241956, 0.3591757174942674, -0.8059946560442862], [-0.048527165584104984, -0.9014947190073662, -0.4300609094095908]], "fy": 791.465407429639, "fx": 790.5282763689061}, {"id": 65, "img_name": "DSC01174.JPG", "width": 1752, "height": 1168, "position": [1.809298656595466, 3.067551520594218, 1.3309151377505217], "rotation": [[-0.8708359759939766, 0.27124739438904366, -0.40996286899154233], [0.4819331441237774, 0.30674136400178675, -0.8207619509975442], [-0.09687697099719984, -0.9123237290827633, -0.39784452471151477]], "fy": 791.465407429639, "fx": 790.5282763689061}, {"id": 66, "img_name": "DSC01178.JPG", "width": 1752, "height": 1168, "position": [1.758438778102286, 2.885521210739939, 1.4061709382327219], "rotation": [[-0.8695239524728078, 0.186297737891086, -0.457407093225206], [0.49299410841431995, 0.2716113299875328, -0.8265495112158584], [-0.02974735525786736, -0.9442036000138256, -0.32801624437837673]], "fy": 791.465407429639, "fx": 790.5282763689061}, {"id": 67, "img_name": "DSC01179.JPG", "width": 1752, "height": 1168, "position": [1.7023781894781602, 2.9008846152083185, 1.4314478342781494], "rotation": [[-0.9542648787718823, 0.10648103918837018, -0.279356992817165], [0.2986259193623155, 0.2951731422511656, -0.9075766504150404], [-0.014181023499614797, -0.9494917610948173, -0.3134713610293058]], "fy": 791.465407429639, "fx": 790.5282763689061}, {"id": 68, "img_name": "DSC01180.JPG", "width": 1752, "height": 1168, "position": [1.6432519186632852, 2.9345979186682833, 1.4426765196151712], "rotation": [[-0.9965409907578514, 0.0344665498456492, -0.07561819014693665], [0.0825433751496828, 0.3051384337524876, -0.9487239469234335], [-0.009625225101763502, -0.951684082660216, -0.3069279424440282]], "fy": 791.465407429639, "fx": 790.5282763689061}, {"id": 69, "img_name": "DSC01181.JPG", "width": 1752, "height": 1168, "position": [1.6020033434551586, 2.957459594002428, 1.4272820218481312], "rotation": [[-0.999678756681082, 0.015463591511891524, 0.020081353991155314], [-0.014050034555598265, 0.3213234945360422, -0.9468652535541326], [-0.02109454833721803, -0.9468432231350123, -0.3210030075151148]], "fy": 791.465407429639, "fx": 790.5282763689061}, {"id": 70, "img_name": "DSC01183.JPG", "width": 1752, "height": 1168, "position": [1.574485160662593, 2.8496711361621685, 1.484811722767239], "rotation": [[-0.9999744555357101, -0.005855343480457905, -0.004099174158948596], [0.00308007410517287, 0.16451717511991223, -0.9863694096199813], [0.006449916244896236, -0.9863568391020006, -0.16449493772497606]], "fy": 791.465407429639, "fx": 790.5282763689061}, {"id": 71, "img_name": "DSC01184.JPG", "width": 1752, "height": 1168, "position": [1.5431577972804889, 2.820570100163428, 1.5271666302021405], "rotation": [[-0.9993064552526215, 0.012637781097459406, 0.03502706067272074], [-0.03426907094692904, 0.05589520484246769, -0.9978483636565486], [-0.014568433919680783, -0.9983566559925114, -0.055423353999703606]], "fy": 791.465407429639, "fx": 790.5282763689061}, {"id": 72, "img_name": "DSC01185.JPG", "width": 1752, "height": 1168, "position": [1.4930306385715404, 2.8414363314454723, 1.554158244890453], "rotation": [[-0.9872717314658923, -0.0036519894128813125, 0.15900060132486418], [-0.1589193658355266, -0.016685498272382016, -0.9871505606085816], [0.006258067654976056, -0.999854117919575, 0.015892748928211884]], "fy": 791.465407429639, "fx": 790.5282763689061}, {"id": 73, "img_name": "DSC01186.JPG", "width": 1752, "height": 1168, "position": [1.4769615972665198, 2.8817073009336562, 1.5528535233358163], "rotation": [[-0.942756919600412, 0.013120641731596638, 0.3332225072021581], [-0.33344643351931313, -0.022760271502302337, -0.9424942684252202], [-0.0047818948954915196, -0.9996548498365284, 0.025832434641665698]], "fy": 791.465407429639, "fx": 790.5282763689061}, {"id": 74, "img_name": "DSC01187.JPG", "width": 1752, "height": 1168, "position": [1.4835588181974162, 2.8887054606382496, 1.528474547508054], "rotation": [[-0.8956448405280152, -0.015860203552698578, 0.4444870904523696], [-0.4447512298092893, 0.04110883635113333, -0.8947102364212562], [-0.004082060591273647, -0.9990287871313432, -0.043872762213091374]], "fy": 791.465407429639, "fx": 790.5282763689061}, {"id": 75, "img_name": "DSC01188.JPG", "width": 1752, "height": 1168, "position": [1.4929696572877789, 2.8869683408211575, 1.5086675761664297], "rotation": [[-0.8726197436147446, -0.054276276694257795, 0.48537497756059195], [-0.48839747837570285, 0.09363935437231868, -0.8675826038072628], [0.001638953932115219, -0.9941256244061629, -0.10821994607772]], "fy": 791.465407429639, "fx": 790.5282763689061}, {"id": 76, "img_name": "DSC01189.JPG", "width": 1752, "height": 1168, "position": [1.5304756578528078, 2.8918982354940703, 1.5095458497992722], "rotation": [[-0.8326931526002984, -0.0718458507131612, 0.5490539931080326], [-0.5536562962119532, 0.09134004753717126, -0.8277207870899268], [0.009317686270482173, -0.9932246319192894, -0.11583613974643286]], "fy": 791.465407429639, "fx": 790.5282763689061}, {"id": 77, "img_name": "DSC01191.JPG", "width": 1752, "height": 1168, "position": [1.6711030018234405, 2.9540734459894025, 1.5370820604827635], "rotation": [[-0.6774415440732958, -0.03866527541402786, 0.7345596986227501], [-0.735564827122556, 0.029955727663564295, -0.6767917253338066], [0.0041640681733939155, -0.9988031091548041, -0.048734071027809175]], "fy": 791.465407429639, "fx": 790.5282763689061}, {"id": 78, "img_name": "DSC01192.JPG", "width": 1752, "height": 1168, "position": [1.7154467360048713, 2.9678717933933827, 1.5261199709959297], "rotation": [[-0.6692708516561229, -0.047443298154897846, 0.7415022997831329], [-0.7428930209283311, 0.06106872692567364, -0.6666187591477282], [-0.0136560089143218, -0.9970053881759434, -0.07611681396819715]], "fy": 791.465407429639, "fx": 790.5282763689061}, {"id": 79, "img_name": "DSC01193.JPG", "width": 1752, "height": 1168, "position": [1.7346076680249927, 2.9631679549854653, 1.4872938309897608], "rotation": [[-0.6939748330689995, -0.18221745614614507, 0.696559925449694], [-0.7199974636970037, 0.17347109798292934, -0.6719460026181271], [0.0016072761859799378, -0.9678349946350491, -0.2515806825315442]], "fy": 791.465407429639, "fx": 790.5282763689061}, {"id": 80, "img_name": "DSC01194.JPG", "width": 1752, "height": 1168, "position": [1.7370042225294349, 2.9517420834684, 1.4380078890318857], "rotation": [[-0.7179344083111797, -0.3206964718121402, 0.6178381327905554], [-0.6953994582207198, 0.29029942487709604, -0.6573780019306671], [0.031460751249842274, -0.901598589663533, -0.4314280985836722]], "fy": 791.465407429639, "fx": 790.5282763689061}, {"id": 81, "img_name": "DSC01195.JPG", "width": 1752, "height": 1168, "position": [1.7462991183799204, 2.944775839166238, 1.3896480297445752], "rotation": [[-0.723564039048055, -0.39777167453962914, 0.5641212425803558], [-0.6894049892449567, 0.37585049882711485, -0.619239181040388], [0.034290555560184864, -0.8369672021443543, -0.546177682017515]], "fy": 791.465407429639, "fx": 790.5282763689061}, {"id": 82, "img_name": "DSC01196.JPG", "width": 1752, "height": 1168, "position": [1.771670566377101, 2.9462487225406826, 1.3634653628740034], "rotation": [[-0.6736202993645268, -0.44608326262527426, 0.5892753304607591], [-0.7386083533233513, 0.37791006644636826, -0.5582487636166059], [0.026332350540989955, -0.8112913807529896, -0.5840487161452329]], "fy": 791.465407429639, "fx": 790.5282763689061}, {"id": 83, "img_name": "DSC01197.JPG", "width": 1752, "height": 1168, "position": [1.7799982822434073, 2.923504221628508, 1.3609026590490523], "rotation": [[-0.439376035901392, -0.5408372365469649, 0.7172473650281473], [-0.897947283844702, 0.2419532081664405, -0.36762660471446945], [0.02528585595743103, -0.8055766435431262, -0.5919517690372165]], "fy": 791.465407429639, "fx": 790.5282763689061}, {"id": 84, "img_name": "DSC01199.JPG", "width": 1752, "height": 1168, "position": [1.760341521598796, 2.972722014456147, 1.3666108800553005], "rotation": [[0.03747051229026515, -0.5632021828547089, 0.8254691162826115], [-0.9991981882744115, -0.00945687504645559, 0.038904345046391384], [-0.014104653765267367, -0.8262650112052704, -0.5631049546932745]], "fy": 791.465407429639, "fx": 790.5282763689061}, {"id": 85, "img_name": "DSC01200.JPG", "width": 1752, "height": 1168, "position": [1.760636440046717, 3.0603123838125272, 1.4227371600784688], "rotation": [[0.10155860767069493, -0.4397678715890595, 0.8923508661541255], [-0.9948085284189969, -0.03906109502436768, 0.09396926433853955], [-0.006468461395025949, -0.8972616396422649, -0.44145181960623414]], "fy": 791.465407429639, "fx": 790.5282763689061}, {"id": 86, "img_name": "DSC01201.JPG", "width": 1752, "height": 1168, "position": [1.7455517239016032, 3.1070659805254555, 1.4781623866983904], "rotation": [[0.10457772248659107, -0.30059238430789853, 0.9480019612087363], [-0.9945167039787935, -0.031761543010001204, 0.0996379942229901], [0.00015958281335156822, -0.9532237003357169, -0.30226569711366386]], "fy": 791.465407429639, "fx": 790.5282763689061}, {"id": 87, "img_name": "DSC01202.JPG", "width": 1752, "height": 1168, "position": [1.7350460861131358, 3.1400460463948563, 1.5241058418071816], "rotation": [[0.09525882535835441, -0.17342819815835886, 0.9802287571148337], [-0.9952708257416747, 0.002221132752914356, 0.09711359326468744], [-0.01901945369435497, -0.9848440113301391, -0.1723964434909532]], "fy": 791.465407429639, "fx": 790.5282763689061}, {"id": 88, "img_name": "DSC01203.JPG", "width": 1752, "height": 1168, "position": [1.7361625209699925, 3.150256644477166, 1.5813819197560164], "rotation": [[0.08346094263694948, -0.026172862130160266, 0.9961672813047356], [-0.9965034632656752, 0.0017085085940778532, 0.08353399725800036], [-0.0038882841546635993, -0.999655971965506, -0.025938754018515125]], "fy": 791.465407429639, "fx": 790.5282763689061}, {"id": 89, "img_name": "DSC01204.JPG", "width": 1752, "height": 1168, "position": [1.7281709755467634, 3.133673872031072, 1.6169363686955107], "rotation": [[0.03260459268260293, 0.08066857847596538, 0.9962075692257458], [-0.9994179588343586, 0.012638163060771755, 0.03168628084541273], [-0.010034146469260695, -0.9966608536915239, 0.08103368820137105]], "fy": 791.465407429639, "fx": 790.5282763689061}, {"id": 90, "img_name": "DSC01205.JPG", "width": 1752, "height": 1168, "position": [1.7137162360982625, 3.074187722137785, 1.6609220575987171], "rotation": [[-0.07736786468468504, 0.19675935177695605, 0.9773944807509629], [-0.9966841279355422, 0.009513411933932962, -0.0808099258429543], [-0.025198464943339993, -0.9804056571040822, 0.1953708905717837]], "fy": 791.465407429639, "fx": 790.5282763689061}, {"id": 91, "img_name": "DSC01207.JPG", "width": 1752, "height": 1168, "position": [1.6897895116801613, 2.8987095563930456, 1.6598954875518934], "rotation": [[-0.37382270863920475, 0.2031229270580379, 0.9049848943540573], [-0.9272126427256127, -0.057547997496166514, -0.3700877506132398], [-0.02309323873853087, -0.9774606408892161, 0.20985089429642378]], "fy": 791.465407429639, "fx": 790.5282763689061}, {"id": 92, "img_name": "DSC01208.JPG", "width": 1752, "height": 1168, "position": [1.682683940768541, 2.790350950296885, 1.6473943876554487], "rotation": [[-0.5071281979932188, 0.150819624479228, 0.8485719955737967], [-0.8618663896126448, -0.09183258890557514, -0.4987515434271501], [0.002705042738193816, -0.9842866536161325, 0.1765572605613835]], "fy": 791.465407429639, "fx": 790.5282763689061}, {"id": 93, "img_name": "DSC01209.JPG", "width": 1752, "height": 1168, "position": [1.6873262943746383, 2.7131918734594973, 1.6247323857798928], "rotation": [[-0.5920427371235464, 0.0839420612643125, 0.8015230051408114], [-0.805745844869, -0.08151598885337245, -0.586624903185671], [0.016094436790397217, -0.9931308443060032, 0.11589691623354234]], "fy": 791.465407429639, "fx": 790.5282763689061}, {"id": 94, "img_name": "DSC01210.JPG", "width": 1752, "height": 1168, "position": [1.767892579894918, 2.6865594436883367, 1.5914278615753856], "rotation": [[-0.7137267907008665, 0.0031061458146521203, 0.7004173185280469], [-0.7003827823971669, 0.007710498920322912, -0.7137257921134714], [-0.007617503360268368, -0.9999654494354179, -0.0033276986009068994]], "fy": 791.465407429639, "fx": 790.5282763689061}, {"id": 95, "img_name": "DSC01211.JPG", "width": 1752, "height": 1168, "position": [1.900689557132924, 2.70525941353334, 1.5617285810173476], "rotation": [[-0.8456991612863382, -0.01617382222466056, 0.5334147880160698], [-0.5324266181215705, 0.09348731421019521, -0.8412978178964875], [-0.036260514546970324, -0.9954890906265168, -0.08767351668764997]], "fy": 791.465407429639, "fx": 790.5282763689061}, {"id": 96, "img_name": "DSC01212.JPG", "width": 1752, "height": 1168, "position": [1.9551180475294294, 2.7058217245598697, 1.5073710540347556], "rotation": [[-0.9009654863431977, -0.06951257252557946, 0.4282863465944743], [-0.4321140884565662, 0.2329858450223328, -0.8712031970651745], [-0.039225080952331806, -0.9699925764046372, -0.23994956708478915]], "fy": 791.465407429639, "fx": 790.5282763689061}, {"id": 97, "img_name": "DSC01213.JPG", "width": 1752, "height": 1168, "position": [1.9761308758755087, 2.688069772283512, 1.4552513451237206], "rotation": [[-0.9199024047443707, -0.12871974875248454, 0.3704197511292009], [-0.39103770139882515, 0.3721083884786551, -0.841798588326531], [-0.029480193863763954, -0.9192206337462812, -0.3926376760638726]], "fy": 791.465407429639, "fx": 790.5282763689061}, {"id": 98, "img_name": "DSC01215.JPG", "width": 1752, "height": 1168, "position": [1.9558351580111284, 2.5550204074820124, 1.437980997500684], "rotation": [[-0.9065239701482578, -0.13554201565006152, 0.3998032685461179], [-0.4193328607278824, 0.39842596496403226, -0.8157307781101866], [-0.04872620917341347, -0.9071301518723752, -0.41801990874070916]], "fy": 791.465407429639, "fx": 790.5282763689061}, {"id": 99, "img_name": "DSC01216.JPG", "width": 1752, "height": 1168, "position": [2.027048922284249, 2.5328328134109674, 1.4455973282275